jobs 32 
horizon 149 
PRECEDENCE:
1    
2    1
3    1
4    1
5    3
6    4
7    2
8    4
9    4
10    3
11    8
12    5
13    10
14    10
15    7
16    7 12
17    10
18    14
19    14
20    2
21    19
22    15 21
23    21
24    8 20
25    7 18 23
26    9 17 24
27    2 11 17
28    6 27
29    6 27
30    16 22 26
31    13 25 28
32    29 30 31
RESOURCEAVAILABILITY 9
REQUESTS/DURATIONS: 
 1 0 0 
 2 5 0 
 3 6 0 
 4 2 0 
 5 8 0 
 6 2 8 
 7 4 0 
 8 9 1 
 9 1 0 
 10 1 0 
 11 6 0 
 12 7 0 
 13 3 0 
 14 8 0 
 15 7 7 
 16 5 0 
 17 9 0 
 18 3 0 
 19 4 0 
 20 2 0 
 21 4 0 
 22 10 0 
 23 5 0 
 24 4 0 
 25 2 0 
 26 8 3 
 27 5 6 
 28 8 0 
 29 9 0 
 30 1 0 
 31 1 0 
 32 0 0 
