jobs 32 
horizon 161 
PRECEDENCE:
1    
2    1
3    1
4    1
5    3
6    4
7    6
8    7
9    2
10    3
11    5
12    7
13    3 9
14    12
15    8
16    13
17    2
18    11 17
19    11 15
20    18
21    10
22    16
23    20 21
24    12 23
25    4 21
26    8 14
27    2 26
28    16 19 24
29    8 14 25
30    22 27 28
31    18 26
32    29 30 31
RESOURCEAVAILABILITY 21
REQUESTS/DURATIONS: 
 1 0 0 
 2 5 4 
 3 1 4 
 4 1 0 
 5 6 3 
 6 7 0 
 7 9 0 
 8 5 2 
 9 3 4 
 10 7 9 
 11 1 8 
 12 9 9 
 13 6 10 
 14 5 1 
 15 5 8 
 16 7 0 
 17 7 4 
 18 4 10 
 19 4 5 
 20 10 4 
 21 1 10 
 22 7 3 
 23 8 3 
 24 3 8 
 25 3 7 
 26 9 1 
 27 4 3 
 28 5 10 
 29 8 0 
 30 8 0 
 31 3 8 
 32 0 0 
