jobs 32 
horizon 205 
PRECEDENCE:
1    
2    1
3    1
4    1
5    4
6    2
7    5
8    7
9    7
10    5
11    5
12    7
13    8 10
14    9
15    13 14
16    9
17    11
18    8 14 17
19    3
20    12
21    13
22    18
23    6
24    18
25    15 22 24
26    10 24
27    12 25 26
28    16 19 20
29    11 21 23
30    18 28
31    16 27
32    29 30 31
RESOURCEAVAILABILITY 15
REQUESTS/DURATIONS: 
 1 0 0 
 2 7 0 
 3 1 0 
 4 4 0 
 5 6 7 
 6 2 0 
 7 10 0 
 8 7 0 
 9 1 0 
 10 10 0 
 11 6 0 
 12 9 8 
 13 7 0 
 14 6 0 
 15 9 0 
 16 9 9 
 17 10 0 
 18 10 0 
 19 10 0 
 20 10 6 
 21 8 0 
 22 1 0 
 23 10 0 
 24 10 0 
 25 6 0 
 26 8 0 
 27 8 0 
 28 5 0 
 29 5 0 
 30 1 0 
 31 9 0 
 32 0 0 
