jobs 32 
horizon 151 
PRECEDENCE:
1    
2    1
3    1
4    1
5    4
6    3
7    3
8    2
9    5
10    4
11    4
12    6
13    7
14    2
15    2
16    3
17    15
18    11
19    5 18
20    8 13 19
21    5
22    16 20
23    14 17 21
24    12 14
25    10 23
26    22 25
27    18 21 24
28    23 27
29    9 12 25
30    26 28
31    15
32    29 30 31
RESOURCEAVAILABILITY 19
REQUESTS/DURATIONS: 
 1 0 0 
 2 3 10 
 3 2 10 
 4 1 5 
 5 7 3 
 6 2 4 
 7 1 1 
 8 9 10 
 9 8 8 
 10 8 4 
 11 8 2 
 12 4 8 
 13 10 9 
 14 4 8 
 15 10 4 
 16 7 7 
 17 1 3 
 18 4 6 
 19 9 3 
 20 1 6 
 21 4 1 
 22 3 4 
 23 5 10 
 24 4 5 
 25 3 6 
 26 1 9 
 27 7 4 
 28 6 3 
 29 9 7 
 30 7 8 
 31 3 1 
 32 0 0 
