jobs 32 
horizon 163 
PRECEDENCE:
1    
2    1
3    1
4    1
5    2 3
6    5
7    4
8    3
9    8
10    2
11    2
12    7
13    10
14    9 12
15    3 7
16    5 12
17    8 15
18    5
19    13
20    7 18 19
21    15
22    17 18 21
23    10 16 21
24    8 16
25    14 24
26    12 19 22
27    18 21 25
28    6 19 25
29    11 17 23
30    9 20 26
31    22 27 28
32    29 30 31
RESOURCEAVAILABILITY 15
REQUESTS/DURATIONS: 
 1 0 0 
 2 8 0 
 3 4 0 
 4 9 0 
 5 9 8 
 6 2 0 
 7 5 0 
 8 1 0 
 9 2 0 
 10 6 0 
 11 9 4 
 12 1 0 
 13 10 7 
 14 10 0 
 15 5 2 
 16 7 0 
 17 9 7 
 18 4 0 
 19 1 0 
 20 4 0 
 21 2 0 
 22 3 0 
 23 7 2 
 24 4 0 
 25 8 0 
 26 6 0 
 27 10 0 
 28 9 0 
 29 3 0 
 30 4 0 
 31 1 9 
 32 0 0 
