jobs 32 
horizon 142 
PRECEDENCE:
1    
2    1
3    1
4    1
5    2
6    4
7    2
8    4
9    7
10    8
11    3 5 6
12    8
13    2
14    4
15    12
16    5 7
17    16
18    6 10
19    7 10
20    9 14 15
21    13 14
22    10 21
23    16 18
24    17 19 23
25    11 16 20
26    13 18 20
27    13 14
28    21 24 27
29    22 26 28
30    18 25 27
31    8 21 27
32    29 30 31
RESOURCEAVAILABILITY 15
REQUESTS/DURATIONS: 
 1 0 0 
 2 5 0 
 3 1 7 
 4 6 9 
 5 8 0 
 6 5 0 
 7 1 8 
 8 4 0 
 9 10 0 
 10 7 0 
 11 3 6 
 12 1 0 
 13 10 0 
 14 4 0 
 15 4 0 
 16 4 0 
 17 5 0 
 18 7 4 
 19 3 7 
 20 7 0 
 21 3 1 
 22 2 0 
 23 4 3 
 24 1 0 
 25 1 9 
 26 5 0 
 27 9 0 
 28 4 0 
 29 6 5 
 30 10 0 
 31 2 0 
 32 0 0 
