jobs 122 
horizon 669 
PRECEDENCE:
1    
2    1
3    1
4    1
5    2
6    5
7    5
8    4
9    7 8
10    7
11    2
12    6
13    7
14    5
15    6
16    8 14
17    14
18    14
19    9
20    2
21    4
22    4
23    6
24    11 13
25    24
26    15
27    22
28    17
29    26
30    21
31    18
32    9 10
33    22
34    23
35    30 31
36    24
37    11
38    3 17
39    19 32
40    13
41    12
42    23 41
43    26 40
44    22 34
45    33 44
46    19 42
47    41
48    20 43
49    44
50    29 38
51    24
52    19 35 49
53    46
54    9
55    36
56    38 46 49
57    11 20 29
58    13 35
59    21 51
60    39
61    30 34 36
62    8 59
63    16
64    12 51 54
65    31
66    39 59 61
67    53 58 61
68    16 37
69    45 65
70    37 41 64
71    52 61
72    42 49 63
73    42 63 65
74    17 47 53
75    31 47 68
76    23 27 55
77    32 51 67
78    52 62 64
79    39
80    60 69 79
81    55 64 66
82    70 76 79
83    3 63 76
84    15 66 83
85    40 50 77
86    32 43 83
87    68 70 72
88    53 57 86
89    43 59 74
90    47 84 88
91    26 52 87
92    28 75 81
93    12 48 69
94    67 90 92
95    62 76 89
96    30 87 95
97    29 74 78
98    20 77 81
99    21 50 80
100    15 69 71
101    18 90 95
102    70 74 84
103    75 86 102
104    38 82 98
105    60 73 82
106    33 65 91
107    25 36 97
108    45 104 107
109    62 103 105
110    37 97 99
111    16 56 99
112    48 96 109
113    75 100 110
114    73 108 113
115    93 94 112
116    33 77 102
117    44 85 101
118    72 110 117
119    40 111 114
120    106 113 118
121    50 115 116
122    119 120 121
RESOURCEAVAILABILITY 16
REQUESTS/DURATIONS: 
 1 0 0 
 2 1 1 
 3 4 10 
 4 8 3 
 5 8 2 
 6 9 8 
 7 1 3 
 8 8 5 
 9 1 7 
 10 6 3 
 11 3 0 
 12 9 6 
 13 5 1 
 14 7 0 
 15 3 2 
 16 7 8 
 17 9 7 
 18 4 0 
 19 1 8 
 20 10 5 
 21 7 3 
 22 3 4 
 23 5 10 
 24 2 10 
 25 2 5 
 26 2 0 
 27 9 7 
 28 8 0 
 29 3 6 
 30 1 0 
 31 3 5 
 32 10 1 
 33 8 10 
 34 1 7 
 35 4 6 
 36 2 4 
 37 10 1 
 38 5 7 
 39 9 0 
 40 10 5 
 41 6 0 
 42 9 3 
 43 6 4 
 44 1 6 
 45 3 1 
 46 8 3 
 47 10 3 
 48 8 5 
 49 10 6 
 50 4 0 
 51 6 8 
 52 10 7 
 53 7 0 
 54 9 0 
 55 7 6 
 56 10 5 
 57 3 6 
 58 9 5 
 59 2 6 
 60 10 0 
 61 2 9 
 62 4 5 
 63 8 5 
 64 6 2 
 65 1 3 
 66 10 0 
 67 3 4 
 68 1 9 
 69 3 0 
 70 10 0 
 71 1 2 
 72 5 5 
 73 7 6 
 74 1 0 
 75 8 4 
 76 4 5 
 77 4 10 
 78 9 2 
 79 5 3 
 80 1 7 
 81 1 7 
 82 8 7 
 83 5 7 
 84 1 1 
 85 5 5 
 86 4 7 
 87 7 1 
 88 9 9 
 89 8 8 
 90 1 0 
 91 7 2 
 92 6 0 
 93 10 0 
 94 5 10 
 95 7 9 
 96 5 0 
 97 2 5 
 98 1 1 
 99 8 0 
100 4 9 
101 5 9 
102 3 4 
103 9 7 
104 9 0 
105 2 0 
106 6 0 
107 9 0 
108 2 0 
109 5 7 
110 6 6 
111 8 0 
112 5 0 
113 8 2 
114 10 0 
115 2 2 
116 3 3 
117 8 10 
118 6 3 
119 3 10 
120 8 0 
121 9 4 
122 0 0 
