jobs 32 
horizon 142 
PRECEDENCE:
1    
2    1
3    1
4    1
5    4
6    2
7    2
8    6
9    2
10    3
11    8
12    7
13    11
14    9
15    12 13
16    10 12
17    15
18    10 11
19    6 14
20    15
21    5
22    3
23    16 21 22
24    11
25    19 23
26    8 25
27    19 23
28    17 20 27
29    18 28
30    6 21
31    15 24 26
32    29 30 31
RESOURCEAVAILABILITY 10
REQUESTS/DURATIONS: 
 1 0 0 
 2 4 0 
 3 7 0 
 4 7 4 
 5 8 0 
 6 2 0 
 7 2 0 
 8 2 0 
 9 2 0 
 10 2 0 
 11 9 0 
 12 2 0 
 13 3 10 
 14 7 0 
 15 3 0 
 16 7 0 
 17 4 0 
 18 1 0 
 19 5 0 
 20 1 0 
 21 3 0 
 22 2 0 
 23 10 0 
 24 6 0 
 25 8 0 
 26 5 3 
 27 5 0 
 28 4 0 
 29 6 0 
 30 7 0 
 31 8 0 
 32 0 0 
