jobs 122 
horizon 613 
PRECEDENCE:
1    
2    1
3    1
4    1
5    2
6    2
7    2
8    7
9    6
10    3
11    3
12    11
13    4
14    8
15    14
16    13
17    7
18    8
19    9 15
20    3
21    12
22    4
23    13
24    16 22
25    9
26    13
27    11
28    21
29    4
30    11
31    19 24
32    31
33    19
34    26
35    24
36    7
37    23
38    17 20 33
39    17
40    32 35
41    5 21 38
42    14 39
43    16
44    15
45    27
46    10 18 43
47    46
48    44
49    36 42 43
50    22 23
51    31 45
52    18 37 40
53    10 33 36
54    34
55    33 36 54
56    16 48
57    15
58    19 30 48
59    26 53
60    46 53 56
61    35
62    14 50 61
63    28 58
64    5 25 43
65    17 60
66    5 40 63
67    6
68    44 52 55
69    62
70    44 61 67
71    59
72    29 45 63
73    57
74    21 50 64
75    25 41 42
76    8 28
77    20 65 67
78    27 68 74
79    46 69 73
80    38 58 65
81    57
82    45 67 69
83    12 26 82
84    27 28 81
85    42 58 79
86    10 37 82
87    56 69 71
88    41 74 86
89    59 68 70
90    39 77 88
91    6 62 84
92    9 47 70
93    31 76 92
94    63 85 87
95    70 76 87
96    60 66 95
97    49 77 81
98    23 76 81
99    51 85 95
100    53 78 91
101    65 84 96
102    12 89 92
103    57 71 86
104    30 54 90
105    24 72 98
106    40 93 94
107    18 98 103
108    56 62 105
109    55 83 106
110    25 97 99
111    48 100 107
112    80 99 108
113    96 99 109
114    32 82 112
115    87 102 104
116    20 111 113
117    89 101 103
118    34 110 114
119    37 109 112
120    75 117 118
121    80 115 116
122    119 120 121
RESOURCEAVAILABILITY 31
REQUESTS/DURATIONS: 
 1 0 0 
 2 4 0 
 3 7 7 
 4 5 2 
 5 9 2 
 6 6 2 
 7 9 8 
 8 9 3 
 9 6 0 
 10 7 8 
 11 4 2 
 12 3 7 
 13 8 10 
 14 5 7 
 15 6 5 
 16 10 4 
 17 1 4 
 18 2 3 
 19 5 7 
 20 4 10 
 21 2 0 
 22 9 7 
 23 6 9 
 24 1 8 
 25 8 8 
 26 7 1 
 27 5 8 
 28 7 3 
 29 7 7 
 30 1 1 
 31 4 7 
 32 2 10 
 33 2 10 
 34 3 5 
 35 5 10 
 36 1 8 
 37 4 10 
 38 3 10 
 39 10 0 
 40 5 2 
 41 2 9 
 42 4 2 
 43 6 0 
 44 3 0 
 45 4 9 
 46 8 0 
 47 4 10 
 48 2 6 
 49 5 10 
 50 3 10 
 51 2 0 
 52 6 5 
 53 3 1 
 54 5 3 
 55 1 0 
 56 8 3 
 57 8 10 
 58 8 9 
 59 8 8 
 60 6 9 
 61 5 6 
 62 3 2 
 63 3 0 
 64 6 0 
 65 10 3 
 66 5 2 
 67 8 4 
 68 3 0 
 69 3 2 
 70 7 5 
 71 4 0 
 72 4 0 
 73 2 0 
 74 1 1 
 75 4 10 
 76 8 1 
 77 7 5 
 78 9 2 
 79 4 5 
 80 1 3 
 81 7 0 
 82 8 2 
 83 1 2 
 84 9 10 
 85 9 5 
 86 2 4 
 87 5 5 
 88 2 0 
 89 2 2 
 90 5 9 
 91 6 6 
 92 4 5 
 93 2 0 
 94 6 2 
 95 1 0 
 96 9 6 
 97 2 0 
 98 10 7 
 99 10 7 
100 5 0 
101 8 9 
102 9 4 
103 4 7 
104 9 8 
105 6 0 
106 4 9 
107 1 9 
108 8 0 
109 4 10 
110 6 0 
111 1 1 
112 2 10 
113 4 0 
114 6 7 
115 7 10 
116 3 9 
117 10 0 
118 5 3 
119 5 0 
120 10 3 
121 1 9 
122 0 0 
