jobs 122 
horizon 653 
PRECEDENCE:
1    
2    1
3    1
4    1
5    4
6    2
7    2
8    3
9    2
10    4
11    8
12    10
13    7
14    7
15    12
16    14
17    7
18    11
19    3
20    6
21    4
22    15 18
23    20
24    21 23
25    3
26    16
27    10 18
28    16
29    23
30    12 21
31    26
32    20
33    5 31
34    23
35    32 34
36    24 25
37    29
38    17 32
39    14
40    33
41    6
42    22 30
43    19 29
44    5 43
45    25 26
46    43 45
47    15
48    24
49    29 42
50    5 11
51    10 44
52    18 41 46
53    38 44 47
54    27 43
55    41 51
56    21 41
57    39
58    11
59    36
60    30
61    30 46
62    28 57 60
63    40 53 60
64    15 28 38
65    33
66    27
67    39 40
68    22 55 57
69    16
70    24 58 62
71    28 31 69
72    9 19 71
73    51 61 62
74    9 50 52
75    56 63 66
76    48 67 69
77    54 66 76
78    13 39 72
79    50 55 77
80    58 66 76
81    61 74 79
82    77
83    13 65 73
84    37 38 51
85    35 53 68
86    52 59 82
87    8 19 32
88    57 74 86
89    71 75 81
90    14 53
91    56 78 82
92    33 36 72
93    52 75 90
94    67 74 84
95    56 73 94
96    47 58 91
97    12 86 87
98    68 80 89
99    83 90 92
100    88 89 93
101    25 65 82
102    31 60 90
103    22 34 55
104    70 75 88
105    9 67 93
106    20 27 47
107    13 95 98
108    50 64 106
109    78 80 94
110    37 103 105
111    61 85 109
112    49 101 104
113    79 93 111
114    48 99 110
115    8 99 102
116    92 96 108
117    68 97 114
118    37 115 116
119    42 89 117
120    100 103 113
121    107 112 118
122    119 120 121
RESOURCEAVAILABILITY 39
REQUESTS/DURATIONS: 
 1 0 0 
 2 3 1 
 3 4 10 
 4 9 5 
 5 2 8 
 6 4 9 
 7 7 0 
 8 2 0 
 9 4 7 
 10 8 1 
 11 5 7 
 12 7 4 
 13 4 7 
 14 8 7 
 15 9 6 
 16 5 1 
 17 8 4 
 18 6 0 
 19 8 10 
 20 2 7 
 21 10 3 
 22 7 8 
 23 9 6 
 24 9 2 
 25 5 7 
 26 4 1 
 27 4 0 
 28 1 4 
 29 10 0 
 30 10 0 
 31 2 0 
 32 2 9 
 33 7 4 
 34 4 0 
 35 3 5 
 36 6 7 
 37 3 0 
 38 5 9 
 39 4 0 
 40 3 2 
 41 6 6 
 42 9 9 
 43 8 8 
 44 3 0 
 45 1 6 
 46 7 8 
 47 6 10 
 48 5 1 
 49 2 0 
 50 4 6 
 51 9 0 
 52 10 10 
 53 9 10 
 54 2 6 
 55 7 4 
 56 4 0 
 57 10 3 
 58 3 1 
 59 2 8 
 60 2 8 
 61 4 9 
 62 3 0 
 63 2 1 
 64 9 0 
 65 4 4 
 66 8 10 
 67 9 8 
 68 10 6 
 69 8 5 
 70 1 8 
 71 6 1 
 72 9 6 
 73 6 3 
 74 1 4 
 75 6 6 
 76 1 9 
 77 5 0 
 78 4 0 
 79 3 0 
 80 5 10 
 81 10 6 
 82 5 2 
 83 2 4 
 84 3 10 
 85 10 0 
 86 6 2 
 87 9 4 
 88 1 9 
 89 3 1 
 90 3 10 
 91 4 9 
 92 2 7 
 93 4 4 
 94 8 0 
 95 6 0 
 96 1 8 
 97 6 2 
 98 9 10 
 99 2 1 
100 3 6 
101 3 9 
102 3 0 
103 8 6 
104 8 0 
105 8 1 
106 10 9 
107 10 0 
108 6 6 
109 3 5 
110 8 6 
111 7 0 
112 1 0 
113 10 5 
114 8 7 
115 6 6 
116 7 8 
117 2 3 
118 1 9 
119 8 5 
120 7 9 
121 6 10 
122 0 0 
