jobs 122 
horizon 623 
PRECEDENCE:
1    
2    1
3    1
4    1
5    4
6    3
7    4
8    2
9    4
10    7
11    8
12    11
13    5
14    11
15    14
16    10
17    6
18    2
19    12
20    8 10
21    7
22    5
23    15 16
24    22
25    6
26    14
27    24
28    13 26
29    5 21
30    22
31    13 14
32    28
33    11 16
34    15 27
35    17 31
36    13
37    2
38    21 31
39    18
40    19
41    26
42    9 12
43    18 41
44    39
45    20
46    23
47    28
48    19 32
49    26
50    24 40 49
51    9 16
52    23
53    10 44
54    31 48 51
55    19 41 47
56    39 52
57    3 15 48
58    36
59    3 21 52
60    17 37 38
61    35 53
62    45 52 58
63    23 53
64    6
65    55 59
66    20 49
67    22 64 65
68    37 41 45
69    8
70    33 43 66
71    24 59 60
72    50
73    36 46 66
74    28 42 70
75    54 65 68
76    39
77    46 48 63
78    57 60 74
79    33 37 44
80    43
81    20 27 80
82    62 72 81
83    33 75 82
84    65 77 79
85    9 72 84
86    35 73 79
87    50 64
88    56 75 85
89    44 69 83
90    29 57 74
91    73 80 84
92    34 46 90
93    40 53 80
94    12 35 68
95    66 71 81
96    43 79 87
97    36 72 78
98    69 88 91
99    62 70 96
100    68 81 99
101    51 67 73
102    30 50 55
103    54 93 97
104    54 93 100
105    78 98 102
106    84 96 103
107    86 90 101
108    63 82 96
109    47 61 108
110    45 106 107
111    34 99 110
112    7 76 87
113    92 104 110
114    77 89 100
115    95 101 112
116    25 107 115
117    111 113 116
118    85 109 111
119    17 112 114
120    89 117 118
121    27 94 105
122    119 120 121
RESOURCEAVAILABILITY 17
REQUESTS/DURATIONS: 
 1 0 0 
 2 7 6 
 3 2 3 
 4 10 7 
 5 1 1 
 6 7 9 
 7 8 8 
 8 2 8 
 9 2 5 
 10 5 5 
 11 1 3 
 12 1 4 
 13 3 4 
 14 2 6 
 15 9 4 
 16 10 6 
 17 1 7 
 18 9 6 
 19 4 2 
 20 5 3 
 21 5 9 
 22 6 6 
 23 7 5 
 24 2 5 
 25 8 4 
 26 3 8 
 27 6 8 
 28 4 9 
 29 3 1 
 30 1 1 
 31 6 4 
 32 2 8 
 33 2 1 
 34 2 7 
 35 7 2 
 36 1 3 
 37 10 9 
 38 10 8 
 39 4 1 
 40 1 3 
 41 5 3 
 42 4 8 
 43 1 8 
 44 9 4 
 45 6 7 
 46 1 10 
 47 6 3 
 48 7 9 
 49 1 8 
 50 4 2 
 51 4 6 
 52 8 1 
 53 3 6 
 54 9 10 
 55 6 5 
 56 5 7 
 57 9 6 
 58 10 3 
 59 7 8 
 60 9 8 
 61 3 2 
 62 3 6 
 63 9 4 
 64 6 10 
 65 4 3 
 66 6 8 
 67 4 7 
 68 7 7 
 69 2 5 
 70 6 3 
 71 7 8 
 72 9 7 
 73 7 4 
 74 9 2 
 75 8 6 
 76 5 8 
 77 9 3 
 78 1 5 
 79 7 5 
 80 9 1 
 81 6 9 
 82 3 6 
 83 1 10 
 84 9 9 
 85 4 5 
 86 9 1 
 87 3 5 
 88 3 10 
 89 9 2 
 90 8 3 
 91 6 10 
 92 7 6 
 93 8 8 
 94 2 9 
 95 4 2 
 96 4 8 
 97 6 10 
 98 2 2 
 99 8 9 
100 7 10 
101 8 3 
102 7 5 
103 10 6 
104 4 6 
105 5 10 
106 5 3 
107 8 7 
108 4 7 
109 3 6 
110 5 2 
111 1 8 
112 8 6 
113 5 8 
114 1 1 
115 5 7 
116 1 8 
117 1 7 
118 5 8 
119 2 9 
120 5 9 
121 7 1 
122 0 0 
