jobs 122 
horizon 640 
PRECEDENCE:
1    
2    1
3    1
4    1
5    3
6    4
7    3
8    7
9    7
10    4
11    4 8
12    7
13    2
14    12
15    11
16    2
17    9
18    12
19    6
20    2
21    16
22    11 20
23    15
24    10
25    6
26    15
27    15
28    3
29    14 21 24
30    14
31    10
32    23
33    20
34    10
35    23
36    14
37    24 30
38    11 30
39    28 37 38
40    27
41    13
42    17 22
43    6
44    22
45    38
46    16 30 33
47    8
48    22 39
49    46
50    12 42 43
51    8 16 36
52    31
53    5 38
54    32 51 52
55    28
56    5 52
57    26
58    49 52 53
59    27 34 48
60    13 26 59
61    5 51
62    35 36 46
63    39
64    42 54 58
65    29 50 58
66    29 59
67    25 28
68    61 64
69    19 68
70    24 41 51
71    23 49
72    29 40
73    68
74    63 73
75    26 32 34
76    43
77    42 62 72
78    32 63 70
79    9 75 78
80    50 54 77
81    67 72 75
82    25 45 61
83    21 56 76
84    18 27 73
85    45 68 70
86    25 39 83
87    60 74 84
88    66 76 79
89    50 58 71
90    19 57 77
91    35 55 87
92    74 80 84
93    71 75 92
94    59 69 93
95    31 35 41
96    37 53 90
97    64 82 86
98    57 74 81
99    69 73 85
100    40 91 97
101    49 60 88
102    62 78 98
103    19 91 93
104    63 95 99
105    89 97 104
106    34 77 105
107    56 91 98
108    76 96 107
109    17 48 54
110    82 88 95
111    69 100 110
112    65 83 84
113    44 94 110
114    82 103 108
115    66 81 106
116    47 56 101
117    104 113 116
118    57 109 111
119    86 102 117
120    41 112 114
121    98 115 118
122    119 120 121
RESOURCEAVAILABILITY 27
REQUESTS/DURATIONS: 
 1 0 0 
 2 1 2 
 3 9 10 
 4 6 7 
 5 8 8 
 6 2 3 
 7 9 8 
 8 6 10 
 9 5 10 
 10 6 4 
 11 1 4 
 12 4 9 
 13 1 5 
 14 8 3 
 15 1 8 
 16 5 4 
 17 1 2 
 18 9 9 
 19 8 7 
 20 4 6 
 21 4 1 
 22 3 10 
 23 7 7 
 24 2 7 
 25 6 1 
 26 10 2 
 27 7 6 
 28 8 1 
 29 10 5 
 30 4 5 
 31 8 5 
 32 9 8 
 33 7 1 
 34 1 7 
 35 1 2 
 36 1 5 
 37 8 6 
 38 3 8 
 39 9 3 
 40 1 10 
 41 10 5 
 42 2 6 
 43 8 5 
 44 5 1 
 45 1 3 
 46 4 9 
 47 6 6 
 48 6 7 
 49 7 1 
 50 9 9 
 51 1 3 
 52 5 8 
 53 7 1 
 54 3 4 
 55 5 9 
 56 8 3 
 57 4 9 
 58 9 2 
 59 9 1 
 60 2 8 
 61 10 1 
 62 9 3 
 63 1 1 
 64 4 7 
 65 6 4 
 66 9 7 
 67 4 3 
 68 6 3 
 69 3 1 
 70 8 5 
 71 1 7 
 72 3 6 
 73 9 8 
 74 8 3 
 75 9 5 
 76 4 3 
 77 6 6 
 78 4 5 
 79 4 9 
 80 6 10 
 81 5 6 
 82 4 2 
 83 5 6 
 84 4 10 
 85 6 6 
 86 9 1 
 87 2 5 
 88 1 1 
 89 5 8 
 90 3 3 
 91 9 2 
 92 4 1 
 93 1 1 
 94 1 5 
 95 1 6 
 96 3 7 
 97 10 4 
 98 8 3 
 99 3 9 
100 1 6 
101 2 4 
102 7 3 
103 6 8 
104 5 3 
105 7 5 
106 7 9 
107 8 3 
108 9 10 
109 8 9 
110 10 6 
111 8 9 
112 1 3 
113 3 6 
114 10 5 
115 2 4 
116 7 4 
117 7 2 
118 2 4 
119 9 3 
120 2 6 
121 7 10 
122 0 0 
