jobs 122 
horizon 657 
PRECEDENCE:
1    
2    1
3    1
4    1
5    3
6    3
7    2
8    2
9    5
10    4
11    5
12    3
13    5
14    9
15    10
16    14
17    8
18    2
19    4
20    9
21    13
22    6
23    19
24    7
25    21
26    25
27    21
28    16 20
29    9
30    22
31    18
32    22
33    11 17
34    6
35    16 29
36    18
37    25
38    22
39    14 37
40    29
41    24
42    17
43    18
44    7 32
45    30 36
46    13 42
47    34 36
48    13 35 38
49    33
50    20
51    15
52    7 32 51
53    25 45
54    11 19
55    14 45 46
56    47 55
57    23 24
58    12
59    10 30
60    20 31 54
61    8 47
62    29 38 53
63    26 39
64    44 59 61
65    31 58
66    47
67    40 46 52
68    28 33 62
69    23 26
70    31 62
71    4 55 63
72    34
73    51 54 56
74    16 17 37
75    19 35 71
76    27 43 54
77    27 40 73
78    48 60 66
79    15 45 72
80    50 61 70
81    44 73 79
82    15 36 74
83    30 43 78
84    41 63 72
85    6 21 57
86    65 74 78
87    42 53 84
88    48 53 82
89    68 76 85
90    43 64 82
91    64 69 76
92    59 61 62
93    77 86 88
94    83 85 93
95    56 60 69
96    56 69 86
97    26 57 88
98    74 76 95
99    28 86 91
100    67 81 90
101    33 91 94
102    42 68 92
103    48 66 89
104    58 63 102
105    66 82 102
106    24 78 79
107    49 70 95
108    80 87 96
109    39 46 68
110    98 103 108
111    10 107 110
112    32 94 108
113    100 101 105
114    28 75 107
115    106 109 113
116    73 84 99
117    23 44 104
118    52 111 114
119    70 115 116
120    40 117 118
121    64 97 112
122    119 120 121
RESOURCEAVAILABILITY 40
REQUESTS/DURATIONS: 
 1 0 0 
 2 3 8 
 3 1 5 
 4 10 2 
 5 10 1 
 6 4 3 
 7 10 4 
 8 2 3 
 9 3 4 
 10 1 9 
 11 1 5 
 12 3 4 
 13 5 7 
 14 1 3 
 15 1 6 
 16 8 5 
 17 10 6 
 18 7 4 
 19 10 1 
 20 9 3 
 21 8 4 
 22 1 5 
 23 5 2 
 24 10 5 
 25 9 4 
 26 10 5 
 27 8 6 
 28 3 8 
 29 2 2 
 30 10 2 
 31 2 3 
 32 8 3 
 33 3 10 
 34 1 10 
 35 2 1 
 36 10 8 
 37 9 6 
 38 10 9 
 39 3 9 
 40 9 3 
 41 10 3 
 42 3 4 
 43 3 3 
 44 7 5 
 45 4 9 
 46 3 7 
 47 2 4 
 48 3 2 
 49 2 6 
 50 5 6 
 51 1 2 
 52 10 9 
 53 6 2 
 54 10 2 
 55 6 7 
 56 4 5 
 57 10 9 
 58 2 6 
 59 8 9 
 60 4 7 
 61 6 1 
 62 8 10 
 63 3 7 
 64 10 9 
 65 8 1 
 66 4 5 
 67 9 7 
 68 3 9 
 69 3 5 
 70 10 6 
 71 9 9 
 72 5 5 
 73 3 8 
 74 4 4 
 75 9 9 
 76 3 5 
 77 1 7 
 78 2 8 
 79 1 3 
 80 3 4 
 81 5 8 
 82 5 2 
 83 1 1 
 84 4 2 
 85 5 1 
 86 7 8 
 87 4 4 
 88 8 4 
 89 2 10 
 90 3 6 
 91 6 7 
 92 9 1 
 93 10 1 
 94 3 4 
 95 10 4 
 96 2 7 
 97 5 2 
 98 4 1 
 99 5 2 
100 5 5 
101 10 5 
102 9 3 
103 8 1 
104 9 4 
105 1 3 
106 10 8 
107 2 5 
108 3 1 
109 10 3 
110 9 3 
111 5 10 
112 7 4 
113 10 2 
114 5 10 
115 7 4 
116 2 10 
117 3 9 
118 1 6 
119 2 6 
120 4 1 
121 8 9 
122 0 0 
