jobs 32 
horizon 161 
PRECEDENCE:
1    
2    1
3    1
4    1
5    3
6    4
7    5
8    3
9    7
10    5
11    8
12    2
13    10
14    13
15    11
16    6
17    3
18    17
19    4
20    14 19
21    16 19
22    6 10
23    2 21
24    4 9 15
25    11 22
26    5 12
27    18 23 24
28    6 14
29    20 26 27
30    19 22
31    25 28
32    29 30 31
RESOURCEAVAILABILITY 13
REQUESTS/DURATIONS: 
 1 0 0 
 2 10 5 
 3 4 10 
 4 1 5 
 5 3 0 
 6 5 3 
 7 10 0 
 8 1 0 
 9 4 5 
 10 6 1 
 11 8 2 
 12 7 0 
 13 7 10 
 14 4 0 
 15 3 9 
 16 10 3 
 17 3 10 
 18 4 0 
 19 3 6 
 20 7 0 
 21 5 0 
 22 1 2 
 23 10 0 
 24 8 1 
 25 1 1 
 26 6 0 
 27 4 0 
 28 7 0 
 29 6 0 
 30 9 0 
 31 4 9 
 32 0 0 
