jobs 32 
horizon 164 
PRECEDENCE:
1    
2    1
3    1
4    1
5    4
6    4
7    4
8    5
9    3
10    2 9
11    2
12    8
13    8
14    7
15    3
16    3
17    16
18    6 7 17
19    8
20    13
21    15 18
22    10
23    20 22
24    15
25    11 24
26    21 23 25
27    6 16 25
28    2
29    19 26
30    12 16 25
31    14 27 28
32    29 30 31
RESOURCEAVAILABILITY 24
REQUESTS/DURATIONS: 
 1 0 0 
 2 2 1 
 3 5 0 
 4 6 8 
 5 4 8 
 6 2 3 
 7 9 5 
 8 9 4 
 9 4 8 
 10 8 0 
 11 7 1 
 12 10 2 
 13 1 10 
 14 1 1 
 15 1 4 
 16 5 0 
 17 2 4 
 18 5 0 
 19 5 2 
 20 9 0 
 21 10 0 
 22 1 9 
 23 5 4 
 24 4 5 
 25 10 9 
 26 5 1 
 27 9 7 
 28 10 7 
 29 2 1 
 30 10 4 
 31 3 0 
 32 0 0 
