jobs 32 
horizon 177 
PRECEDENCE:
1    
2    1
3    1
4    1
5    2
6    2
7    2
8    6
9    3
10    9
11    6
12    9
13    6
14    10
15    11
16    8 11
17    5
18    9
19    8 14
20    5 16
21    13
22    17
23    22
24    7 11
25    22 24
26    14 23
27    19 22
28    12 15 18
29    19 21 28
30    4 21 25
31    20 26 27
32    29 30 31
RESOURCEAVAILABILITY 37
REQUESTS/DURATIONS: 
 1 0 0 
 2 8 0 
 3 2 7 
 4 10 9 
 5 1 4 
 6 10 6 
 7 2 1 
 8 5 1 
 9 2 1 
 10 6 6 
 11 6 0 
 12 3 0 
 13 3 8 
 14 1 4 
 15 8 9 
 16 6 7 
 17 9 0 
 18 10 7 
 19 7 3 
 20 9 1 
 21 5 5 
 22 5 10 
 23 4 6 
 24 3 0 
 25 4 9 
 26 10 9 
 27 9 7 
 28 7 0 
 29 7 1 
 30 7 1 
 31 8 0 
 32 0 0 
