jobs 32 
horizon 141 
PRECEDENCE:
1    
2    1
3    1
4    1
5    3
6    3
7    3
8    7
9    7
10    9
11    5
12    7
13    11
14    4
15    10 13
16    6
17    15
18    6 12
19    6
20    4 8 19
21    4 18
22    10 14
23    18 22
24    16 17
25    5 23
26    11 25
27    26
28    24
29    2 23 28
30    24 27
31    5 20 21
32    29 30 31
RESOURCEAVAILABILITY 20
REQUESTS/DURATIONS: 
 1 0 0 
 2 6 5 
 3 2 1 
 4 9 3 
 5 8 2 
 6 1 10 
 7 4 9 
 8 2 1 
 9 1 1 
 10 3 10 
 11 2 1 
 12 6 9 
 13 5 7 
 14 3 2 
 15 1 8 
 16 7 2 
 17 2 7 
 18 10 4 
 19 3 8 
 20 8 3 
 21 6 3 
 22 6 7 
 23 9 7 
 24 9 6 
 25 1 8 
 26 7 10 
 27 2 7 
 28 5 4 
 29 9 4 
 30 2 7 
 31 2 5 
 32 0 0 
