jobs 32 
horizon 151 
PRECEDENCE:
1    
2    1
3    1
4    1
5    2
6    3
7    4
8    3
9    7
10    8
11    4
12    5
13    2
14    10
15    8
16    6 13
17    7
18    5
19    14
20    11 17 19
21    14
22    2
23    16
24    21
25    15 17 22
26    4 12 18
27    9 11 25
28    16 24 26
29    20 23 28
30    18 27
31    14 22
32    29 30 31
RESOURCEAVAILABILITY 35
REQUESTS/DURATIONS: 
 1 0 0 
 2 2 5 
 3 10 9 
 4 3 3 
 5 5 9 
 6 9 6 
 7 1 4 
 8 3 9 
 9 3 3 
 10 10 5 
 11 5 6 
 12 8 7 
 13 7 7 
 14 3 8 
 15 9 7 
 16 10 3 
 17 1 5 
 18 5 9 
 19 7 2 
 20 9 10 
 21 10 2 
 22 3 6 
 23 5 1 
 24 6 2 
 25 3 6 
 26 6 5 
 27 2 10 
 28 2 2 
 29 2 4 
 30 1 9 
 31 1 7 
 32 0 0 
