jobs 32 
horizon 153 
PRECEDENCE:
1    
2    1
3    1
4    1
5    3
6    2
7    5
8    5
9    5
10    8
11    4
12    3
13    4
14    7
15    9 14
16    2 11
17    2 12 15
18    10 12
19    16
20    14
21    10 20
22    4 14
23    3
24    17 22
25    6 23 24
26    19
27    7 18
28    27
29    7 13 26
30    21 28
31    25 26
32    29 30 31
RESOURCEAVAILABILITY 34
REQUESTS/DURATIONS: 
 1 0 0 
 2 2 2 
 3 8 4 
 4 1 9 
 5 10 1 
 6 10 7 
 7 1 5 
 8 4 7 
 9 3 8 
 10 8 4 
 11 6 3 
 12 8 5 
 13 6 10 
 14 7 5 
 15 5 9 
 16 4 5 
 17 7 3 
 18 7 10 
 19 8 8 
 20 1 8 
 21 10 6 
 22 3 9 
 23 2 1 
 24 3 9 
 25 8 3 
 26 4 5 
 27 4 3 
 28 1 4 
 29 8 4 
 30 2 1 
 31 2 8 
 32 0 0 
