jobs 32 
horizon 181 
PRECEDENCE:
1    
2    1
3    1
4    1
5    2
6    4
7    6
8    4
9    6
10    5 7
11    9
12    2
13    3
14    3 12
15    2
16    6 15
17    9
18    7 8 11
19    9 12 16
20    4
21    13
22    10 15
23    5 14 21
24    10 17 18
25    13 19 20
26    10 16 17
27    7 15
28    24 26 27
29    12 13 18
30    23 25 28
31    17 20 22
32    29 30 31
RESOURCEAVAILABILITY 10
REQUESTS/DURATIONS: 
 1 0 0 
 2 5 0 
 3 2 9 
 4 5 0 
 5 8 0 
 6 8 0 
 7 9 0 
 8 6 0 
 9 1 10 
 10 10 0 
 11 2 0 
 12 2 0 
 13 7 0 
 14 5 0 
 15 10 0 
 16 9 0 
 17 8 0 
 18 9 0 
 19 10 0 
 20 8 0 
 21 6 0 
 22 3 0 
 23 10 0 
 24 1 8 
 25 5 0 
 26 4 0 
 27 7 4 
 28 8 0 
 29 2 3 
 30 1 0 
 31 10 0 
 32 0 0 
