jobs 122 
horizon 662 
PRECEDENCE:
1    
2    1
3    1
4    1
5    2
6    4
7    6
8    4
9    2
10    7
11    3
12    6
13    12
14    7
15    14
16    15
17    7
18    13 16
19    8
20    3
21    17
22    15 19
23    21
24    16
25    11
26    15 25
27    17
28    24
29    26
30    25
31    13
32    22
33    6
34    8
35    21
36    19
37    28
38    2
39    19
40    24 38
41    20 36
42    21
43    8 10
44    13
45    31 32
46    32 33 44
47    42
48    12
49    29
50    9 48
51    28 43 47
52    5 30
53    43 46
54    22 38 42
55    10 52
56    12 47
57    31 46 48
58    4
59    11
60    14
61    3 39
62    38 53
63    32 51 56
64    18 37 57
65    33 45
66    27 31 33
67    46 48 63
68    5 53
69    23 43
70    53 54 60
71    59 64
72    51 64
73    49 72
74    30 56 57
75    50 70 74
76    58 63 69
77    55 65 73
78    16 36 50
79    10 39 44
80    27 52 65
81    56 62 70
82    18 68 74
83    18 61 70
84    36 44 60
85    76 82 84
86    26 64 79
87    23 28 55
88    68 81 83
89    29 35 67
90    37 75 79
91    78 83 89
92    59 66 91
93    29 40 90
94    11 24 88
95    34 76 89
96    72 82 87
97    26 50 72
98    86 87 90
99    55 75 94
100    81 82 84
101    62 93 98
102    77 80 97
103    41 62 97
104    66 69 94
105    61 68 71
106    34 74 105
107    49 57 80
108    93 94 100
109    54 77 107
110    96 101 106
111    40 95 104
112    52 85 108
113    67 99 110
114    92 112 113
115    73 103 114
116    84 95 113
117    65 111 115
118    39 58 97
119    116 117 118
120    35 99 108
121    63 102 109
122    119 120 121
RESOURCEAVAILABILITY 27
REQUESTS/DURATIONS: 
 1 0 0 
 2 8 2 
 3 1 6 
 4 6 10 
 5 10 0 
 6 1 0 
 7 2 5 
 8 2 2 
 9 6 1 
 10 9 4 
 11 5 2 
 12 1 9 
 13 7 8 
 14 10 9 
 15 1 0 
 16 10 2 
 17 6 0 
 18 6 5 
 19 10 8 
 20 5 0 
 21 2 5 
 22 6 0 
 23 6 4 
 24 8 3 
 25 7 1 
 26 4 1 
 27 4 6 
 28 7 10 
 29 6 1 
 30 10 7 
 31 8 0 
 32 7 5 
 33 5 6 
 34 5 4 
 35 3 10 
 36 8 7 
 37 8 10 
 38 10 7 
 39 4 0 
 40 6 0 
 41 6 0 
 42 3 0 
 43 9 9 
 44 2 2 
 45 9 10 
 46 7 1 
 47 9 5 
 48 10 6 
 49 2 8 
 50 1 4 
 51 3 9 
 52 10 0 
 53 1 5 
 54 2 0 
 55 9 0 
 56 5 10 
 57 2 2 
 58 6 7 
 59 8 5 
 60 2 3 
 61 5 2 
 62 5 9 
 63 4 1 
 64 9 9 
 65 8 10 
 66 3 0 
 67 3 4 
 68 7 0 
 69 9 5 
 70 1 3 
 71 2 10 
 72 9 0 
 73 6 2 
 74 10 0 
 75 8 0 
 76 1 1 
 77 8 1 
 78 6 5 
 79 6 0 
 80 5 3 
 81 6 1 
 82 5 0 
 83 5 0 
 84 3 6 
 85 6 4 
 86 6 8 
 87 1 0 
 88 7 10 
 89 1 0 
 90 4 8 
 91 4 2 
 92 1 0 
 93 6 0 
 94 5 9 
 95 7 7 
 96 3 0 
 97 5 0 
 98 8 4 
 99 4 0 
100 5 0 
101 8 9 
102 4 4 
103 9 9 
104 9 2 
105 5 8 
106 3 1 
107 5 7 
108 6 7 
109 2 7 
110 6 5 
111 9 4 
112 6 9 
113 5 4 
114 9 0 
115 2 2 
116 1 0 
117 7 1 
118 2 10 
119 10 8 
120 3 10 
121 8 0 
122 0 0 
