jobs 122 
horizon 671 
PRECEDENCE:
1    
2    1
3    1
4    1
5    4
6    5
7    6
8    7
9    6
10    8
11    9
12    10
13    8
14    6
15    4
16    2
17    3
18    11
19    2
20    8
21    9
22    19
23    7 15
24    4
25    9
26    21
27    16
28    5
29    10
30    26
31    14
32    11
33    23
34    30
35    13 19 24
36    3 33
37    7
38    17
39    36 38
40    19 25 37
41    10
42    12 20
43    14
44    16 29 34
45    31
46    32
47    17 20 41
48    5 22
49    16
50    34 42 49
51    23 38 40
52    23 44 50
53    12
54    20 27 45
55    41
56    45
57    53
58    13 32
59    11 34 56
60    42 59
61    12
62    43
63    15 57
64    28 42 54
65    36 46 62
66    25 36 43
67    39
68    31
69    22 31 62
70    26 64
71    37 50 69
72    39 65 66
73    35 43 53
74    37
75    22 38 61
76    61 62 74
77    39 46 71
78    2 18 57
79    49 68 70
80    15 73 79
81    14 21
82    27 56 67
83    55 58 61
84    17 41 79
85    29 54 76
86    3 80 81
87    13 33 64
88    51 63 83
89    55 69 78
90    70 72 85
91    71 73 81
92    18 69 86
93    33 78 80
94    68 73 89
95    18 67 85
96    63 83 95
97    44 80 96
98    35 70 75
99    67 74 94
100    63 77 89
101    82 94 95
102    66 68 75
103    49 96 99
104    47 48 74
105    84 91 101
106    86 94 104
107    45 81 88
108    84 86 87
109    56 90 100
110    60 92 104
111    50 98 106
112    55 108 110
113    97 105 107
114    52 104 109
115    93 111 112
116    58 95 99
117    102 103 116
118    72 108 113
119    21 72 116
120    98 117 118
121    113 114 115
122    119 120 121
RESOURCEAVAILABILITY 43
REQUESTS/DURATIONS: 
 1 0 0 
 2 1 10 
 3 7 1 
 4 5 8 
 5 6 5 
 6 10 4 
 7 1 9 
 8 2 3 
 9 9 3 
 10 4 5 
 11 3 5 
 12 2 8 
 13 9 9 
 14 1 9 
 15 1 2 
 16 4 2 
 17 2 4 
 18 3 1 
 19 6 8 
 20 2 2 
 21 3 7 
 22 6 10 
 23 10 1 
 24 1 2 
 25 9 3 
 26 3 5 
 27 4 3 
 28 2 6 
 29 8 5 
 30 4 8 
 31 4 8 
 32 2 2 
 33 3 10 
 34 4 7 
 35 7 8 
 36 8 8 
 37 3 1 
 38 1 4 
 39 2 3 
 40 10 3 
 41 1 9 
 42 4 9 
 43 10 7 
 44 1 2 
 45 6 6 
 46 2 10 
 47 1 2 
 48 9 7 
 49 3 9 
 50 5 3 
 51 5 9 
 52 3 3 
 53 2 5 
 54 7 3 
 55 10 2 
 56 10 8 
 57 7 7 
 58 6 10 
 59 7 10 
 60 10 8 
 61 9 8 
 62 7 6 
 63 7 3 
 64 1 2 
 65 2 5 
 66 4 2 
 67 3 10 
 68 10 4 
 69 10 8 
 70 3 9 
 71 10 2 
 72 7 9 
 73 9 3 
 74 5 6 
 75 10 6 
 76 9 6 
 77 9 6 
 78 1 8 
 79 7 2 
 80 9 3 
 81 2 6 
 82 7 4 
 83 10 3 
 84 9 4 
 85 9 8 
 86 3 8 
 87 5 4 
 88 2 9 
 89 2 8 
 90 4 2 
 91 2 10 
 92 10 6 
 93 5 8 
 94 2 4 
 95 7 6 
 96 10 7 
 97 4 10 
 98 10 2 
 99 8 8 
100 5 7 
101 6 10 
102 9 10 
103 10 7 
104 6 5 
105 5 10 
106 6 5 
107 7 2 
108 7 3 
109 4 10 
110 9 6 
111 6 8 
112 1 4 
113 4 4 
114 7 9 
115 8 10 
116 6 9 
117 3 7 
118 10 1 
119 9 3 
120 10 1 
121 9 10 
122 0 0 
