jobs 32 
horizon 178 
PRECEDENCE:
1    
2    1
3    1
4    1
5    3
6    2
7    4
8    5
9    8
10    7
11    5 10
12    11
13    10
14    6
15    6 7
16    14
17    6
18    9 14
19    17 18
20    4 5
21    16
22    2 20
23    19
24    13
25    17
26    15
27    15 25
28    13 22 26
29    12 23 24
30    24 27 28
31    8 21 27
32    29 30 31
RESOURCEAVAILABILITY 19
REQUESTS/DURATIONS: 
 1 0 0 
 2 10 4 
 3 10 10 
 4 4 5 
 5 9 9 
 6 5 4 
 7 7 9 
 8 2 0 
 9 7 1 
 10 2 9 
 11 3 0 
 12 7 7 
 13 5 0 
 14 2 0 
 15 7 0 
 16 9 0 
 17 3 0 
 18 7 4 
 19 5 9 
 20 3 0 
 21 6 4 
 22 6 0 
 23 4 10 
 24 6 7 
 25 7 4 
 26 10 9 
 27 9 3 
 28 5 0 
 29 10 0 
 30 5 0 
 31 3 8 
 32 0 0 
