jobs 32 
horizon 167 
PRECEDENCE:
1    
2    1
3    1
4    1
5    4
6    2
7    6
8    4
9    4
10    7
11    5
12    8
13    12
14    11
15    6
16    10
17    3
18    10 13 14
19    8 15
20    7
21    5
22    21
23    19 20 21
24    16
25    9 20 22
26    13 17 24
27    24 25
28    2
29    14 22 28
30    9 18 23
31    26 27
32    29 30 31
RESOURCEAVAILABILITY 18
REQUESTS/DURATIONS: 
 1 0 0 
 2 6 2 
 3 2 9 
 4 8 2 
 5 2 0 
 6 6 4 
 7 4 1 
 8 5 0 
 9 3 9 
 10 10 0 
 11 2 1 
 12 7 1 
 13 4 0 
 14 3 6 
 15 9 0 
 16 3 0 
 17 6 0 
 18 1 8 
 19 3 2 
 20 6 0 
 21 1 0 
 22 10 10 
 23 3 0 
 24 6 0 
 25 5 2 
 26 10 0 
 27 6 0 
 28 8 3 
 29 10 9 
 30 8 3 
 31 10 0 
 32 0 0 
