jobs 32 
horizon 147 
PRECEDENCE:
1    
2    1
3    1
4    1
5    4
6    4
7    2
8    3
9    6
10    7
11    5
12    6
13    3 11
14    13
15    5
16    9
17    6
18    4
19    13 17
20    7
21    19
22    8
23    14
24    9 20
25    10 18 21
26    8 24
27    15 16 23
28    12 26
29    10 13 28
30    12 20 27
31    22 24 25
32    29 30 31
RESOURCEAVAILABILITY 32
REQUESTS/DURATIONS: 
 1 0 0 
 2 6 1 
 3 9 7 
 4 7 10 
 5 1 1 
 6 2 0 
 7 5 5 
 8 7 0 
 9 7 0 
 10 7 7 
 11 1 8 
 12 3 5 
 13 1 0 
 14 8 8 
 15 1 9 
 16 7 0 
 17 1 0 
 18 2 3 
 19 6 0 
 20 4 0 
 21 9 0 
 22 6 4 
 23 5 0 
 24 2 0 
 25 9 9 
 26 1 9 
 27 2 5 
 28 8 0 
 29 5 0 
 30 5 5 
 31 10 4 
 32 0 0 
