jobs 32 
horizon 165 
PRECEDENCE:
1    
2    1
3    1
4    1
5    2
6    5
7    4
8    4
9    7
10    9
11    3
12    9
13    10
14    9
15    10
16    4
17    10 12
18    11
19    6 17
20    14
21    13 19 20
22    8 16 21
23    18
24    7
25    8 13
26    14
27    18 24 25
28    7
29    11 15 22
30    19 23 27
31    11 26 28
32    29 30 31
RESOURCEAVAILABILITY 16
REQUESTS/DURATIONS: 
 1 0 0 
 2 6 3 
 3 6 10 
 4 8 0 
 5 5 9 
 6 8 10 
 7 2 0 
 8 5 5 
 9 5 0 
 10 6 7 
 11 3 3 
 12 6 8 
 13 4 6 
 14 5 9 
 15 6 0 
 16 6 0 
 17 5 0 
 18 4 3 
 19 4 8 
 20 7 8 
 21 9 0 
 22 8 3 
 23 7 4 
 24 2 1 
 25 5 0 
 26 5 0 
 27 3 4 
 28 4 8 
 29 8 8 
 30 7 0 
 31 6 10 
 32 0 0 
